cp0=45.044727,12.147883
cp1=45.043457,12.145750
cp2=45.042847,12.147012
cp3=45.041978,12.149162
timezone = 2
