cp0=39.005164,-1.795550
cp1=39.008630,-1.793070
cp2=39.004932,-1.791680
cp3=39.005513,-1.789497
timezone = 2
