cp0=43.915983, 2.118767
cp1=43.912667, 2.121088
cp2=43.912353, 2.105697
cp3=43.914316, 2.114763
timezone = 2
