cp0 = 30.131829, -97.639884
cp1 = 30.133789, -97.637438
cp2 = 30.138770, -97.627434
cp3 = 30.136011, -97.631846
timezone = -6
