cp0 = 37.088054, -2.272593
cp1 = 37.091063, -2.279523
cp2 = 37.088747, -2.275029
cp3 = 37.093680, -2.278634
timezone=2
