cp0 = 47.949862,7.420813
cp1 = 47.947005,7.427995
cp2 = 47.947999,7.424712
cp3 = 47.949851,7.417535
timezone=2
