cp0=48.979089,2.522711
cp1=48.979565,2.521478
cp2=48.979452,2.519758
cp3=48.980681,2.522886
timezone=2
