cp0=37.644447,-1.035245
cp1=37.648638,-1.034043
cp2=37.646355,-1.034522
cp3=37.644193,-1.033138
timezone=2
