cp0=41.570023,2.261215
cp1=41.567603,2.253512
cp2=41.569523,2.256105
cp3=41.572583,2.261603
timezone=2
