cp0=45.085369,10.312474
cp1=45.084848,10.312182
cp2=45.085213,10.307611
cp3=45.083564,10.305324
timezone=2
