cp0=25.489052, 51.449619
cp1=25.496149, 51.452245
cp2=25.491694, 51.454377
cp3=25.487650, 51.459537
timezone = 3
