cp0 = 38.749962, -9.392559
cp1 = 38.748202, -9.397148
cp2 = 38.751014, -9.393437
cp3 = 38.751882, -9.396103
timezone=1
