cp0 = 53.028976,13.557803
cp1 = 53.030558,13.566318
cp2 = 53.030095,13.560810
cp3 = 53.031242,13.557662
timezone = 2
