cp0 = 49.327747, 8.565770
cp1 = 49.332599, 8.567116
cp2 = 49.331485, 8.573692
cp3 = 49.327679, 8.573678
timezone = 2
