cp0=43.251789,5.791917
cp1=43.256673,5.779750
cp2=43.254257,5.791337
cp3=43.249202,5.802653
timezone=2
