cp0=43.131239,12.239054
cp1=43.133285,12.239485
cp2=43.130273,12.240597
cp3=43.128198,12.239918
timezone=2
