cp0=4759.03271014.2518
cp1=4759.04051014.3027
cp2=4759.0249,1014.2660
cp3=4759.0122,1014.3082
timezone = 2
