cp0 = 50.301346,4.651399
cp1 = 50.300844,4.651290
cp2 = 50.300967,4.653460
cp3 = 50.301729,4.655798
timezone = 2
