cp0 = 43.962246,12.684325
cp1 = 43.958195,12.677708
cp2 = 43.962460,12.680217
cp3 = 43.964558,12.687972
timezone = 2
