cp0 = 50.519425,13.607740
cp1 = 50.517920,13.593783
cp2 = 50.519848,13.593790
cp3 = 50.520540,13.605855
timezone = 2
