cp0 = 36.532973, 140.226661
cp1 = 36.533817, 140.229503
cp2 = 36.532818, 140.234347
cp3 = 36.530591, 140.234922
timezone = 9
