cp0 = 44.837440, 19.954762
cp1 = 44.838042, 19.953947
cp2 = 44.838058, 19.957491
cp3 = 44.838290, 19.961656
timezone = 2
