cp0 = 45.382799,14.509294
cp1 = 45.381625,14.500237
cp2 = 45.380598,14.502920
cp3 = 45.384408,14.517775
timezone = 2
