cp0 = 41.073188, 23.517844
cp1 = 41.070449, 23.516997
cp2 = 41.073228, 23.515553
cp3 = 41.071859, 23.512452
timezone = 3
