cp0=52.078866,-1.015223
cp1=52.074472,-1.010183
cp2=52.064478,-1.015922
cp3=52.073323,-1.020570
timezone=1
