cp0=51.999602,13.687797
cp1=51.996575,13.683589
cp2=51.997680,13.683726
cp3=51.998947,13.687083
timezone = 2
