cp0=52.389486,4.541116
cp1=52.388468,4.543800
cp2=52.385978,4.551355
cp3=52.387240,4.543720
timezone = 2
